|Problem|n|k|m|Iter|\|LRC\||z|S|CPU|
|---|---|---|---|---|---|---|---|---|
|problem_instances/max_div_15_3.txt|15|3|2|10|2|13.273|{9.88, 9.88, 6.26}, {0.3, 0.92, 4.23}|184|
|problem_instances/max_div_15_3.txt|15|3|2|10|3|13.273|{9.88, 9.88, 6.26}, {0.3, 0.92, 4.23}|260|
|problem_instances/max_div_15_3.txt|15|3|2|20|2|13.273|{9.88, 9.88, 6.26}, {0.3, 0.92, 4.23}|425|
|problem_instances/max_div_15_3.txt|15|3|2|20|3|13.273|{9.88, 9.88, 6.26}, {0.3, 0.92, 4.23}|534|
|problem_instances/max_div_15_3.txt|15|3|3|10|2|31.869|{1.71, 1.95, 9.22}, {9.88, 9.88, 6.26}, {5.17, 1.39, 0.91}|460|
|problem_instances/max_div_15_3.txt|15|3|3|10|3|31.869|{1.71, 1.95, 9.22}, {9.88, 9.88, 6.26}, {5.17, 1.39, 0.91}|632|
|problem_instances/max_div_15_3.txt|15|3|3|20|2|31.869|{9.88, 9.88, 6.26}, {1.71, 1.95, 9.22}, {5.17, 1.39, 0.91}|1332|
|problem_instances/max_div_15_3.txt|15|3|3|20|3|31.869|{1.71, 1.95, 9.22}, {9.88, 9.88, 6.26}, {5.17, 1.39, 0.91}|1552|
|problem_instances/max_div_15_3.txt|15|3|4|10|2|59.764|{1.71, 1.95, 9.22}, {6.65, 9.45, 1.02}, {9.88, 9.88, 6.26}, {0.3, 0.92, 4.23}|862|
|problem_instances/max_div_15_3.txt|15|3|4|10|3|59.764|{1.71, 1.95, 9.22}, {0.3, 0.92, 4.23}, {9.88, 9.88, 6.26}, {6.65, 9.45, 1.02}|1274|
|problem_instances/max_div_15_3.txt|15|3|4|20|2|59.764|{1.71, 1.95, 9.22}, {6.65, 9.45, 1.02}, {9.88, 9.88, 6.26}, {0.3, 0.92, 4.23}|1936|
|problem_instances/max_div_15_3.txt|15|3|4|20|3|59.764|{1.71, 1.95, 9.22}, {6.65, 9.45, 1.02}, {9.88, 9.88, 6.26}, {0.3, 0.92, 4.23}|2873|
|problem_instances/max_div_15_3.txt|15|3|5|10|2|96.086|{1.71, 1.95, 9.22}, {9.47, 3.56, 1.83}, {9.88, 9.88, 6.26}, {0.3, 0.92, 4.23}, {1.15, 9.21, 3.11}|1826|
|problem_instances/max_div_15_3.txt|15|3|5|10|3|96.086|{9.88, 9.88, 6.26}, {1.71, 1.95, 9.22}, {0.3, 0.92, 4.23}, {9.47, 3.56, 1.83}, {1.15, 9.21, 3.11}|2286|
|problem_instances/max_div_15_3.txt|15|3|5|20|2|96.086|{1.71, 1.95, 9.22}, {9.88, 9.88, 6.26}, {0.3, 0.92, 4.23}, {9.47, 3.56, 1.83}, {1.15, 9.21, 3.11}|4402|
|problem_instances/max_div_15_3.txt|15|3|5|20|3|96.086|{9.88, 9.88, 6.26}, {1.71, 1.95, 9.22}, {9.47, 3.56, 1.83}, {1.15, 9.21, 3.11}, {0.3, 0.92, 4.23}|6019|
|problem_instances/max_div_20_3.txt|20|3|2|10|2|11.800|{9.81, 2.05, 1.83}, {0.65, 3.76, 9.07}|281|
|problem_instances/max_div_20_3.txt|20|3|2|10|3|11.800|{9.81, 2.05, 1.83}, {0.65, 3.76, 9.07}|381|
|problem_instances/max_div_20_3.txt|20|3|2|20|2|11.800|{9.81, 2.05, 1.83}, {0.65, 3.76, 9.07}|730|
|problem_instances/max_div_20_3.txt|20|3|2|20|3|11.800|{0.65, 3.76, 9.07}, {9.81, 2.05, 1.83}|924|
|problem_instances/max_div_20_3.txt|20|3|3|10|2|30.873|{9.81, 2.05, 1.83}, {0.65, 3.76, 9.07}, {8.87, 9.56, 5.34}|697|
|problem_instances/max_div_20_3.txt|20|3|3|10|3|30.873|{0.65, 3.76, 9.07}, {9.81, 2.05, 1.83}, {8.87, 9.56, 5.34}|1022|
|problem_instances/max_div_20_3.txt|20|3|3|20|2|30.873|{9.81, 2.05, 1.83}, {0.65, 3.76, 9.07}, {8.87, 9.56, 5.34}|1188|
|problem_instances/max_div_20_3.txt|20|3|3|20|3|30.873|{9.81, 2.05, 1.83}, {0.65, 3.76, 9.07}, {8.87, 9.56, 5.34}|1630|
|problem_instances/max_div_20_3.txt|20|3|4|10|2|56.690|{0.65, 3.76, 9.07}, {9.81, 2.05, 1.83}, {9.6, 2.02, 9}, {0.83, 7.06, 3.34}|1660|
|problem_instances/max_div_20_3.txt|20|3|4|10|3|56.690|{9.6, 2.02, 9}, {0.65, 3.76, 9.07}, {9.81, 2.05, 1.83}, {0.83, 7.06, 3.34}|2236|
|problem_instances/max_div_20_3.txt|20|3|4|20|2|56.690|{0.65, 3.76, 9.07}, {9.81, 2.05, 1.83}, {9.6, 2.02, 9}, {0.83, 7.06, 3.34}|3145|
|problem_instances/max_div_20_3.txt|20|3|4|20|3|56.690|{9.6, 2.02, 9}, {0.65, 3.76, 9.07}, {9.81, 2.05, 1.83}, {0.83, 7.06, 3.34}|3346|
|problem_instances/max_div_20_3.txt|20|3|5|10|2|92.830|{9.81, 2.05, 1.83}, {0.65, 3.76, 9.07}, {9.6, 2.02, 9}, {8.87, 9.56, 5.34}, {0.83, 7.06, 3.34}|2859|
|problem_instances/max_div_20_3.txt|20|3|5|10|3|92.830|{9.81, 2.05, 1.83}, {0.83, 7.06, 3.34}, {8.87, 9.56, 5.34}, {0.65, 3.76, 9.07}, {9.6, 2.02, 9}|2975|
|problem_instances/max_div_20_3.txt|20|3|5|20|2|92.830|{9.81, 2.05, 1.83}, {9.6, 2.02, 9}, {0.83, 7.06, 3.34}, {0.65, 3.76, 9.07}, {8.87, 9.56, 5.34}|5542|
|problem_instances/max_div_20_3.txt|20|3|5|20|3|92.830|{0.65, 3.76, 9.07}, {9.81, 2.05, 1.83}, {8.87, 9.56, 5.34}, {0.83, 7.06, 3.34}, {9.6, 2.02, 9}|5583|
|problem_instances/max_div_30_3.txt|30|3|2|10|2|13.074|{8.06, 9.59, 0.27}, {6.71, 0.35, 9.42}|521|
|problem_instances/max_div_30_3.txt|30|3|2|10|3|13.074|{8.06, 9.59, 0.27}, {6.71, 0.35, 9.42}|699|
|problem_instances/max_div_30_3.txt|30|3|2|20|2|13.074|{8.06, 9.59, 0.27}, {6.71, 0.35, 9.42}|701|
|problem_instances/max_div_30_3.txt|30|3|2|20|3|13.074|{8.06, 9.59, 0.27}, {6.71, 0.35, 9.42}|962|
|problem_instances/max_div_30_3.txt|30|3|3|10|2|34.291|{1.53, 8.09, 9.56}, {8.06, 9.59, 0.27}, {8.32, 0.47, 8.98}|1444|
|problem_instances/max_div_30_3.txt|30|3|3|10|3|34.291|{8.06, 9.59, 0.27}, {1.53, 8.09, 9.56}, {8.32, 0.47, 8.98}|1322|
|problem_instances/max_div_30_3.txt|30|3|3|20|2|34.291|{8.06, 9.59, 0.27}, {8.32, 0.47, 8.98}, {1.53, 8.09, 9.56}|2501|
|problem_instances/max_div_30_3.txt|30|3|3|20|3|34.291|{1.53, 8.09, 9.56}, {8.06, 9.59, 0.27}, {8.32, 0.47, 8.98}|3062|
|problem_instances/max_div_30_3.txt|30|3|4|10|2|63.702|{8.06, 9.59, 0.27}, {6.75, 0.07, 1.8}, {1.53, 8.09, 9.56}, {8.32, 0.47, 8.98}|3383|
|problem_instances/max_div_30_3.txt|30|3|4|10|3|63.702|{1.53, 8.09, 9.56}, {8.32, 0.47, 8.98}, {8.06, 9.59, 0.27}, {6.75, 0.07, 1.8}|3275|
|problem_instances/max_div_30_3.txt|30|3|4|20|2|63.702|{8.06, 9.59, 0.27}, {8.32, 0.47, 8.98}, {1.53, 8.09, 9.56}, {6.75, 0.07, 1.8}|4976|
|problem_instances/max_div_30_3.txt|30|3|4|20|3|63.702|{8.06, 9.59, 0.27}, {8.32, 0.47, 8.98}, {1.53, 8.09, 9.56}, {6.75, 0.07, 1.8}|4936|
|problem_instances/max_div_30_3.txt|30|3|5|10|2|99.592|{8.06, 9.59, 0.27}, {8.32, 0.47, 8.98}, {1.53, 8.09, 9.56}, {6.75, 0.07, 1.8}, {7.54, 8.93, 9.66}|4307|
|problem_instances/max_div_30_3.txt|30|3|5|10|3|99.592|{8.06, 9.59, 0.27}, {8.32, 0.47, 8.98}, {6.75, 0.07, 1.8}, {1.53, 8.09, 9.56}, {7.54, 8.93, 9.66}|4248|
|problem_instances/max_div_30_3.txt|30|3|5|20|2|99.592|{8.06, 9.59, 0.27}, {8.32, 0.47, 8.98}, {1.53, 8.09, 9.56}, {6.75, 0.07, 1.8}, {7.54, 8.93, 9.66}|10383|
|problem_instances/max_div_30_3.txt|30|3|5|20|3|99.592|{8.06, 9.59, 0.27}, {6.75, 0.07, 1.8}, {7.54, 8.93, 9.66}, {1.53, 8.09, 9.56}, {8.32, 0.47, 8.98}|11774|
